,Date,prix moyen au kg,"Production quantité 
tonne(s)",Température minimale en °C,Température maximale en °C,précipitations en mm,Ensoleillement en min,Rafales (vitesse du vent) en km/h
140,2012-06-14,1.5,0.06,8.0,22.6,3.0,583,42.6
204,2012-06-15,1.5,0.07,14.4,22.1,9.3,198,55.8
312,2012-06-18,1.3,0.9,12.7,20.7,0.0,438,31.0
280,2012-06-25,1.2,0.83,14.2,20.5,1.8,102,33.5
317,2012-06-29,1.2,0.4,14.3,24.4,0.0,180,37.8
88,2012-06-29,1.2,0.6,14.3,22.5,1.4,180,37.8
366,2012-07-10,1.2,0.5,13.8,19.0,0.0,6,39.2
203,2012-07-11,1.2,0.192,11.8,20.8,5.0,240,50.0
365,2012-07-13,1.2,0.7,13.4,17.1,27.6,42,44.6
202,2012-07-16,1.15,0.4,7.7,22.5,0.0,696,46.8
254,2012-07-17,1.15,0.5,12.6,25.0,0.0,462,38.9
253,2012-07-19,1.15,0.8,14.7,21.3,2.4,206,39.6
420,2012-07-23,1.22,0.05,10.2,26.9,0.0,866,42.6
139,2012-07-24,1.3,0.4,10.6,29.6,0.0,866,35.6
398,2012-07-25,1.3,0.3,14.3,33.3,0.0,859,24.5
18,2012-07-26,1.3,1.0,15.9,32.6,0.0,776,31.5
17,2012-07-30,1.3,1.8,12.2,18.0,2.4,1,20.9
364,2012-07-31,1.3,0.3,11.5,24.6,0.2,619,31.5
45,2012-08-01,1.3,0.2,11.8,28.0,0.4,445,44.4
177,2012-08-03,1.25,0.3,12.0,24.1,0.4,330,42.8
252,2012-08-06,1.15,1.0,13.8,22.5,0.2,354,47.2
234,2012-08-07,1.1,0.9,11.4,22.9,0.0,372,40.7
87,2012-08-09,1.1,2.0,12.8,28.7,0.0,740,28.1
233,2012-08-10,1.05,0.7,12.8,27.1,0.0,823,45.0
69,2012-08-13,1.15,1.0,13.9,24.0,0.0,270,32.4
342,2012-08-14,1.1,1.0,13.5,24.4,0.0,48,24.1
232,2012-08-16,1.15,2.0,11.9,26.0,0.0,734,29.9
176,2012-08-20,1.25,0.7,16.8,31.8,0.0,528,20.4
341,2012-08-21,1.2,0.4,18.4,30.8,0.0,672,35.2
175,2012-08-22,1.2,1.0,11.7,25.5,0.0,744,27.8
340,2012-09-04,1.1,0.4,12.8,25.7,0.0,672,37.0
201,2012-09-05,1.0,0.35,13.8,26.1,0.0,390,48.2
279,2012-09-06,1.0,1.5,9.3,24.0,0.0,738,38.9
397,2012-09-10,1.0,2.06,16.3,25.1,0.2,162,26.6
339,2012-09-11,1.0,0.88,14.7,20.3,10.2,30,38.9
200,2012-09-14,1.0,0.08,5.6,18.4,0.0,230,36.0
174,2012-09-18,0.9,0.1,10.3,20.1,0.0,126,34.2
345,2012-09-18,1.1,0.18,10.3,20.1,0.0,126,34.2
419,2012-09-20,1.0,1.47,2.9,18.8,0.0,643,25.9
338,2012-09-25,0.9,0.37,11.4,15.8,1.8,18,59.3
44,2012-10-01,1.1,0.2,3.5,19.1,0.8,536,40.7
16,2012-10-02,1.1,0.2,12.8,18.8,0.2,121,38.9
138,2012-10-08,1.0,0.28,11.5,18.0,23.7,0,64.8
311,2012-10-11,1.0,0.6,13.6,19.6,7.0,108,29.6
278,2012-10-15,1.0,0.39,2.8,14.2,1.8,457,41.0
43,2012-10-18,1.0,0.53,12.7,20.2,2.8,18,31.5
344,2013-06-17,1.5,0.02,15.0,27.2,6.8,210,61.1
73,2013-06-20,1.5,0.075,14.0,21.5,0.8,216,37.1
402,2013-06-24,1.1,1.12,10.5,19.1,0.0,342,42.6
119,2013-06-25,1.2,0.56,6.2,19.1,0.0,679,29.9
72,2013-06-26,1.2,0.64,6.4,19.8,0.0,552,27.8
401,2013-06-27,1.2,1.28,10.5,21.2,0.4,372,35.2
144,2013-07-01,1.2,2.24,11.4,25.2,0.0,620,18.5
316,2013-07-02,1.2,0.56,12.9,25.8,0.2,432,33.8
257,2013-07-03,1.2,0.32,14.9,20.3,0.0,31,42.6
372,2013-07-04,1.2,1.04,10.4,20.9,0.2,234,25.9
371,2013-07-05,1.2,0.8959999999999999,12.2,25.2,0.0,534,28.4
370,2013-07-08,1.15,2.91,15.7,28.4,0.0,876,44.6
315,2013-07-09,1.25,0.56,15.3,28.9,0.0,810,46.8
314,2013-07-10,1.2,0.512,14.5,28.4,0.0,804,45.0
208,2013-07-11,1.2,3.74,12.2,22.6,0.2,684,41.0
71,2013-07-12,1.25,0.9,10.8,25.5,0.0,858,40.7
423,2013-07-15,1.35,6.336,13.8,29.7,0.0,692,25.6
93,2013-07-16,1.3,0.4,15.7,29.1,0.0,606,31.0
47,2013-07-17,1.25,1.7,13.4,30.5,0.0,644,31.3
256,2013-07-18,1.05,4.0,15.2,30.2,0.0,614,46.3
92,2013-07-22,1.125,0.8,17.3,34.3,0.0,535,36.0
310,2013-07-22,1.05,1.6,17.3,34.3,0.0,535,36.0
363,2013-07-23,1.1,0.1,18.8,31.1,0.2,491,46.3
309,2013-07-25,1.05,3.5,16.3,29.5,30.3,464,29.2
199,2013-07-30,1.1,0.24,14.9,23.8,0.0,240,56.2
173,2013-08-02,1.1,0.39,19.5,31.3,0.6,822,44.6
308,2013-08-05,1.0,1.76,13.7,29.1,0.2,654,46.8
137,2013-08-06,1.0,0.19,12.6,25.1,13.5,378,35.6
118,2013-08-08,1.4,1.52,13.7,23.9,0.0,390,31.5
251,2013-08-13,1.0,0.16,8.3,23.0,0.0,594,32.0
136,2013-08-19,0.7,2.19,13.6,24.3,0.0,601,36.0
172,2013-08-20,0.7,0.08,8.0,25.0,0.0,769,28.4
362,2013-08-22,0.5,7.44,12.7,28.0,0.0,661,44.4
277,2013-08-23,0.8,0.26,11.3,30.7,0.0,618,33.8
42,2013-08-27,0.75,0.16,12.8,23.7,12.5,210,48.7
135,2013-09-02,0.7,2.56,7.1,26.3,0.0,714,23.8
41,2013-09-05,0.65,2.24,15.4,31.6,0.0,714,26.6
276,2013-09-09,0.65,0.68,10.4,19.6,0.6,133,55.8
40,2013-09-16,0.7,0.6,11.1,17.1,1.0,233,54.0
307,2013-09-17,0.7,0.08,8.1,17.0,2.0,2,61.1
86,2013-09-26,0.7,0.6,14.4,24.7,0.0,180,26.3
231,2013-09-27,0.7,0.75,13.7,25.7,0.4,511,31.5
396,2014-06-18,1.4,0.02,10.7,22.6,0.0,470,42.6
171,2014-06-19,1.4,0.384,10.5,22.1,0.2,540,28.1
343,2014-07-09,1.2,0.3,9.6,23.4,0.0,584,38.9
306,2014-07-09,1.1,0.7,10.9,18.0,10.6,54,42.6
134,2014-07-10,1.0,1.0,13.8,15.4,24.6,0,35.2
117,2014-07-11,1.0,0.5,13.9,22.2,0.2,252,33.5
337,2014-07-17,1.0,1.0,16.1,31.6,0.0,846,35.6
305,2014-07-22,1.0,0.5,14.5,23.8,0.0,332,37.1
418,2014-07-29,1.0,0.4,12.3,21.4,2.2,6,34.2
170,2014-07-30,0.8,0.2,14.0,25.6,0.0,373,27.8
230,2014-07-31,0.8,0.8,13.0,27.2,0.0,558,20.4
229,2014-08-04,0.62,0.7,13.8,23.8,0.2,308,21.2
336,2014-08-19,0.7,0.1,7.4,20.5,0.0,570,35.3
228,2014-08-22,0.7,0.3,10.4,20.4,0.0,378,40.7
335,2014-08-27,1.0,0.8,12.8,20.7,0.8,6,35.3
361,2014-08-28,0.7,1.5,15.7,23.7,0.0,366,50.0
360,2014-08-29,0.8,0.1,12.6,22.8,0.2,414,40.7
39,2014-09-01,0.8,0.13,7.8,23.1,0.0,576,24.1
15,2015-06-30,1.35,0.2,12.9,34.8,0.0,906,35.2
198,2015-07-01,1.35,1.92,18.8,37.5,0.0,846,54.0
304,2015-07-07,1.3,0.4479999999999999,15.0,28.1,0.0,342,55.6
85,2015-07-08,1.2,2.496,12.9,21.8,0.0,289,50.4
417,2015-07-09,1.2,2.0,8.5,24.4,0.0,834,35.3
197,2015-07-10,1.1,0.6,8.0,29.9,0.0,894,37.1
169,2015-07-13,1.1,0.6,15.2,29.9,0.0,666,42.8
303,2015-07-15,1.1,0.96,12.5,32.0,0.0,888,25.9
68,2015-07-16,1.0,0.5,15.9,36.9,0.0,696,41.4
84,2015-07-21,1.1,0.08,17.0,30.1,0.0,456,34.2
359,2015-07-22,1.05,0.04,18.0,28.3,0.0,522,37.0
302,2015-07-28,1.5,0.08,12.8,19.5,3.4,210,44.6
334,2015-08-04,0.9,0.04,17.8,25.7,0.0,486,54.4
301,2015-08-12,0.8,0.92,19.0,34.0,0.8,552,37.1
250,2015-08-13,0.8,1.2,19.8,27.8,1.8,150,48.2
116,2015-08-14,0.85,0.4,16.0,25.5,6.2,210,49.0
395,2015-08-18,0.8,0.4,10.6,23.7,0.0,420,25.9
67,2015-08-20,0.8,1.408,15.4,26.6,0.0,294,24.8
394,2015-08-24,0.8,0.8320000000000001,15.2,19.9,1.0,168,92.6
66,2015-08-25,0.85,0.416,10.2,22.2,0.0,242,57.4
196,2015-08-27,0.8,1.152,13.3,14.9,31.9,0,44.4
416,2015-08-31,0.8,1.2,19.2,30.0,13.1,416,52.6
195,2015-09-01,0.8,0.12,15.0,21.8,0.2,145,38.9
194,2015-09-02,0.8,0.168,8.0,21.5,0.0,540,31.5
38,2015-09-07,0.8,0.384,6.2,20.5,0.0,534,37.1
358,2015-09-08,0.8,0.12,9.3,20.0,0.2,245,40.7
300,2016-06-20,1.4,0.25,13.5,16.8,4.4,8,49.0
357,2016-06-21,1.4,0.08,15.3,21.5,1.0,60,34.2
133,2016-06-22,1.4,0.016,14.7,29.7,0.0,564,29.6
115,2016-06-23,1.4,0.32,18.9,32.3,0.0,704,31.5
168,2016-06-28,1.3,0.15,14.0,23.5,0.4,222,37.4
415,2016-06-29,1.35,0.16,13.4,24.1,0.0,384,50.4
356,2016-06-30,1.15,7.68,15.4,22.3,4.9,175,48.2
65,2016-07-06,1.3,0.768,8.9,25.2,0.0,840,25.9
355,2016-07-12,1.3,0.4,12.3,23.6,0.6,306,46.4
354,2016-07-22,1.4,0.46,15.4,27.5,0.0,474,32.4
114,2016-07-25,1.3,0.32,16.7,28.8,0.0,168,39.2
227,2016-07-27,1.4,0.8320000000000001,10.5,25.7,0.0,378,35.2
299,2016-08-01,1.3,0.48,11.8,24.6,0.0,654,37.1
333,2016-08-02,1.25,0.192,16.2,24.9,0.6,12,48.2
37,2016-08-03,0.9,0.96,16.4,28.6,0.0,342,50.0
64,2016-08-04,1.0,0.32,16.6,21.1,1.8,126,29.9
36,2016-08-05,1.0,0.32,10.8,23.7,0.0,510,37.0
113,2016-08-09,1.4,0.16,10.5,23.3,0.0,566,45.4
275,2016-08-10,1.25,1.632,6.9,20.5,0.0,408,42.6
167,2016-08-11,1.3,0.24,6.4,23.6,0.0,642,40.7
112,2016-08-12,1.0,0.016,10.7,28.0,0.0,804,23.0
91,2016-08-16,1.6,0.032,14.2,31.7,0.0,800,25.9
14,2016-08-17,1.35,0.24,13.5,32.7,19.4,756,33.5
226,2016-08-22,1.6,0.65,11.9,28.6,0.0,780,40.7
111,2016-08-23,1.4,0.26,14.3,33.7,0.0,774,44.4
225,2016-08-24,1.35,0.32,16.5,37.0,0.0,774,25.9
224,2016-08-26,1.3,0.36,17.8,34.8,0.0,602,24.1
298,2016-08-30,1.3,0.14,13.1,26.8,0.0,678,39.6
223,2016-08-31,1.35,0.32,11.8,28.6,0.0,570,22.7
249,2016-09-02,1.4,0.28,12.2,30.3,0.0,564,33.3
83,2016-09-05,1.0,0.96,16.1,24.2,0.4,54,29.9
248,2016-09-06,1.3,0.12,15.8,23.6,0.4,126,25.9
13,2016-09-07,1.3,0.57,12.3,27.9,0.0,738,32.0
63,2016-09-08,1.3,0.6,13.3,25.6,0.0,600,43.2
166,2016-09-09,1.05,0.44,9.7,27.5,0.0,709,24.5
414,2016-09-13,1.3,0.12,18.0,32.9,0.0,534,58.3
281,2016-09-16,1.0,0.03,11.1,18.8,4.6,266,46.8
110,2016-09-19,1.0,0.4,12.5,20.0,0.4,78,35.6
332,2016-09-20,1.0,0.08,11.7,20.8,0.2,132,24.5
222,2016-09-21,1.0,0.22,7.1,22.2,0.2,678,20.9
393,2016-09-22,1.0,0.47,8.2,23.5,0.0,433,26.3
392,2016-09-23,1.0,0.28,10.3,25.3,0.0,636,20.9
297,2016-09-26,1.0,0.04,8.2,21.3,0.0,240,24.1
62,2016-09-27,1.0,0.12,10.2,23.8,0.0,528,26.6
132,2016-09-29,1.0,0.36,11.9,25.4,0.2,456,45.0
247,2016-09-30,1.0,0.06,12.9,17.8,15.9,18,20.4
274,2016-10-04,1.0,0.04,5.7,18.9,0.0,600,42.8
35,2016-10-06,1.0,0.2,3.7,15.4,0.0,619,55.8
131,2016-10-07,1.0,0.12,5.1,14.2,0.0,234,38.9
331,2016-10-10,1.0,0.04,1.6,15.1,0.0,422,38.9
246,2016-10-11,1.0,0.09,2.1,14.2,0.0,288,29.9
330,2016-10-14,1.0,0.12,8.9,12.4,3.0,0,30.6
391,2016-10-17,1.2,0.11,9.9,18.7,0.4,258,35.6
165,2016-10-18,1.1,0.04,4.8,16.5,2.2,391,46.3
245,2016-10-19,1.05,0.32,5.2,13.2,0.2,114,31.5
82,2016-10-20,1.0,0.22,5.2,13.9,0.4,144,33.8
244,2016-10-21,1.5,0.15,5.3,14.5,0.0,72,28.4
390,2016-10-24,1.0,0.09,7.8,14.3,1.8,0,24.8
130,2016-10-26,1.0,0.08,10.3,12.6,0.0,0,29.6
273,2016-10-27,1.0,0.04,7.6,14.5,0.0,116,20.5
329,2016-10-28,1.0,0.09,4.1,14.4,0.2,552,27.8
193,2016-10-31,1.0,0.04,5.7,17.3,0.0,528,29.6
81,2017-06-08,1.5,0.12,11.0,28.2,12.5,752,43.2
12,2017-06-12,1.2,0.28,11.7,23.1,0.0,842,28.8
272,2017-06-13,1.2,0.12,9.4,23.2,0.0,459,36.0
413,2017-06-14,1.2,0.16,12.2,29.8,0.0,508,25.2
129,2017-06-15,1.2,0.2,18.9,30.0,0.0,768,37.1
412,2017-06-16,1.2,0.44,12.4,24.3,0.0,846,32.8
109,2017-06-19,1.2,0.64,14.0,33.7,0.0,906,25.9
192,2017-06-20,1.3,0.34,18.1,36.0,0.0,648,25.2
243,2017-06-21,1.3,0.4,19.8,36.6,0.0,901,37.4
389,2017-06-22,1.45,0.12,20.8,35.3,0.0,774,40.0
353,2017-06-26,1.4,1.0,13.7,28.2,0.0,124,29.9
191,2017-06-29,1.4,0.4,13.2,20.8,9.0,300,72.0
388,2017-06-30,1.3,0.58,13.4,18.7,1.6,123,43.2
221,2017-07-03,1.3,0.52,12.6,26.0,0.2,450,36.0
34,2017-07-04,1.25,0.136,11.9,29.5,0.0,878,21.6
387,2017-07-05,1.3,0.24,13.9,33.4,0.8,658,32.4
108,2017-07-06,1.25,0.51,18.2,35.0,0.2,516,33.8
61,2017-07-07,1.25,0.51,18.2,33.4,0.0,733,29.9
90,2017-07-10,1.1,0.28,16.2,22.4,0.0,208,57.6
411,2017-07-12,1.25,0.12,16.9,23.2,1.0,48,50.4
190,2017-07-13,1.25,0.15,15.4,25.0,0.0,168,28.8
33,2017-07-17,1.25,0.36,15.7,31.6,0.0,724,32.4
189,2017-07-18,1.25,0.08,16.3,31.6,0.0,662,36.0
296,2017-07-19,1.25,0.08,23.2,28.2,0.0,306,57.6
220,2017-07-20,1.25,0.5,16.9,23.3,0.2,324,57.6
295,2017-07-21,1.1,0.12,11.3,25.3,1.2,736,58.3
32,2017-07-24,1.5,0.49,11.7,20.0,0.0,84,46.8
107,2017-07-25,1.5,0.04,13.3,23.3,0.0,300,39.6
328,2017-07-27,1.45,0.18,16.8,21.8,1.2,114,54.0
21,2017-07-31,1.25,0.68,12.5,23.6,0.0,132,21.6
80,2017-08-03,1.4,0.82,18.3,27.6,0.2,320,54.0
31,2017-08-09,1.5,0.52,11.9,17.7,9.8,234,55.4
128,2017-08-10,1.4,0.37,11.8,17.8,3.4,126,28.8
164,2017-08-17,1.5,0.24,16.1,24.5,15.3,76,43.2
127,2017-08-18,1.25,0.2,16.8,22.7,19.1,228,43.9
106,2017-08-24,1.25,0.56,13.4,25.8,0.0,264,28.8
30,2017-08-28,1.25,0.96,16.8,31.7,0.0,668,36.0
163,2017-08-29,1.1,0.1,16.4,34.9,0.0,729,39.6
327,2017-08-31,1.4,0.85,10.1,20.6,0.0,580,36.0
271,2017-09-01,1.25,0.44,12.4,21.2,0.2,330,46.8
352,2017-09-05,1.1,0.08,16.7,23.2,0.0,96,44.3
105,2017-09-07,1.1,0.72,9.5,20.3,0.0,142,40.3
126,2017-09-08,1.1,0.31,14.9,19.7,31.7,12,57.6
188,2017-09-11,1.1,0.76,11.8,19.0,0.0,442,58.0
294,2017-09-12,1.1,0.1,11.3,19.5,1.2,205,59.8
162,2017-09-13,1.1,0.08,14.6,19.7,21.8,0,79.2
11,2017-09-14,1.1,0.4,10.9,17.0,1.6,402,55.1
242,2017-09-15,1.1,0.28,7.2,17.2,3.6,470,42.7
29,2017-09-18,1.1,0.48,4.0,17.6,5.6,409,50.4
28,2017-09-19,1.2,0.1,7.7,16.7,0.0,206,32.8
125,2017-09-21,1.1,0.36,7.0,21.8,0.0,675,30.2
161,2017-09-22,1.1,0.3,9.8,19.3,0.0,263,28.8
410,2017-09-25,1.1,0.3,12.4,21.0,0.2,61,26.6
160,2017-09-26,1.05,0.07,11.6,19.7,0.2,37,19.4
124,2017-09-27,1.1,0.08,9.4,22.5,0.8,414,21.6
386,2017-09-29,1.2,0.38,15.0,25.5,10.3,409,32.4
385,2017-10-02,1.15,1.38,14.4,19.5,5.9,67,46.8
293,2017-10-03,1.15,0.19,10.5,17.8,0.0,195,37.1
292,2017-10-05,1.15,1.09,7.9,17.5,0.8,297,43.2
60,2017-10-06,1.15,0.3,5.5,16.2,0.0,416,39.6
241,2017-10-09,1.15,0.6,10.2,17.5,0.0,194,18.0
384,2017-10-10,1.15,0.05,11.0,16.5,0.0,26,36.0
219,2017-10-11,1.15,0.52,13.0,20.6,0.0,263,39.6
123,2017-10-12,1.15,0.38,13.4,20.5,0.2,209,39.6
59,2017-10-13,1.15,0.24,11.6,22.4,0.0,551,14.4
291,2017-10-16,1.15,0.58,12.6,25.3,0.0,575,29.9
218,2017-10-17,1.15,0.67,10.0,23.4,0.2,504,18.0
351,2017-10-18,1.1,0.26,12.0,21.4,0.0,98,21.6
187,2017-10-19,1.15,0.2,11.9,21.0,1.2,287,46.8
217,2017-10-20,1.15,0.15,10.8,16.9,0.6,495,57.6
79,2017-10-23,1.15,0.44,8.7,14.8,0.0,0,36.0
290,2017-10-25,1.15,0.2,13.8,19.5,0.2,242,28.8
186,2017-10-26,1.15,0.12,7.8,21.4,0.0,548,20.9
78,2017-11-03,1.15,0.08,4.9,17.1,0.0,211,26.3
58,2018-06-26,1.5,0.05,11.8,28.0,0.0,906,48.2
185,2018-07-10,1.13,0.045,13.4,25.3,0.0,598,54.0
104,2018-07-11,1.13,0.05,9.9,24.1,0.0,234,32.4
159,2018-09-03,1.5,0.05,9.3,25.2,0.0,374,39.6
103,2018-09-04,1.5,0.02,16.9,25.2,0.0,414,36.4
216,2018-09-06,1.5,0.2,15.0,23.4,0.0,281,39.6
215,2018-09-07,1.5,0.06,9.5,22.2,0.0,162,40.0
158,2018-09-14,1.5,0.05,9.2,22.8,0.0,625,29.9
184,2018-09-17,1.5,0.05,7.2,30.5,0.0,703,33.8
27,2018-09-18,1.5,0.05,16.4,24.6,0.0,113,39.6
102,2018-09-21,1.5,0.05,12.6,18.5,3.7,127,51.5
157,2018-09-24,1.5,0.05,5.8,17.1,0.0,573,51.8
326,2018-09-25,1.5,0.05,3.9,17.8,0.0,675,54.7
57,2018-09-28,1.5,0.05,8.2,23.0,0.0,576,54.0
270,2018-10-01,1.5,0.05,7.3,16.7,0.0,455,47.9
214,2018-10-02,1.5,0.05,6.9,15.5,0.0,74,39.6
56,2018-10-04,1.5,0.05,5.4,22.1,0.0,644,32.8
55,2018-10-05,1.5,0.05,5.4,26.8,0.0,641,28.8
54,2018-10-08,1.5,0.05,5.2,19.7,0.0,627,36.0
77,2018-10-12,1.5,0.05,14.9,25.8,0.0,313,50.4
350,2018-10-16,1.5,0.2,12.9,24.5,0.0,593,25.2
183,2018-10-18,1.5,0.05,10.4,21.9,0.0,544,50.4
53,2018-10-19,1.5,0.15,8.6,20.7,0.0,549,36.0
240,2018-10-23,1.5,0.05,1.4,17.3,0.0,565,46.8
76,2019-06-24,1.75,0.35,17.2,30.6,0.0,582,46.8
325,2019-06-25,1.5,0.1,17.0,32.6,0.0,870,28.8
179,2019-06-25,2.0,0.2,17.0,32.6,0.0,870,28.8
324,2019-06-27,1.85,0.04,20.1,34.4,0.0,903,43.2
289,2019-06-28,1.75,0.12,18.2,33.7,0.0,869,36.0
269,2019-07-02,1.7,0.2,10.6,26.4,0.0,903,37.4
52,2019-07-04,1.85,0.05,12.8,29.1,0.0,900,39.6
409,2019-07-05,1.5,0.12,11.6,32.1,0.0,900,36.0
313,2019-07-05,2.0,0.2,11.6,32.1,0.0,900,39.6
156,2019-07-08,1.8,0.4,14.2,24.8,0.0,810,43.2
422,2019-07-09,2.0,0.1,9.8,25.3,0.0,893,46.8
268,2019-07-09,1.15,0.03,9.8,25.3,0.0,893,46.8
408,2019-07-11,1.75,0.1,16.1,30.5,0.0,162,46.8
10,2019-07-15,1.6,0.26,10.4,25.1,0.0,776,43.2
288,2019-07-16,1.9,0.34,9.3,27.3,0.0,876,36.0
383,2019-07-18,1.7,0.2,13.7,27.6,0.0,660,54.0
349,2019-07-19,1.63,0.4,15.7,28.9,0.0,877,43.6
267,2019-07-22,1.35,0.3,13.4,32.7,0.0,870,29.2
266,2019-07-25,1.75,0.55,22.5,41.3,0.2,636,79.6
9,2019-07-26,1.75,0.15,19.9,28.9,13.1,276,40.7
323,2019-07-29,1.55,0.28,9.8,29.1,0.0,857,61.2
382,2019-07-30,1.55,0.28,16.1,25.1,0.0,523,68.4
381,2019-08-01,1.8,0.48,11.1,27.1,0.0,489,36.4
287,2019-08-02,1.55,0.45,14.4,28.3,0.0,780,32.4
8,2019-08-05,1.55,0.35,15.3,28.1,0.0,551,50.8
26,2019-08-06,1.55,0.14,17.0,26.1,0.6,98,48.2
380,2019-08-09,1.9,0.06,20.1,28.3,5.9,222,57.6
348,2019-08-13,1.75,0.04,7.3,22.4,0.0,529,39.6
407,2019-08-16,1.8,0.18,10.9,25.9,0.0,451,51.5
347,2019-08-19,1.5,0.45,11.9,23.5,0.0,597,37.4
155,2019-08-20,1.75,0.1,10.1,24.1,0.0,618,25.9
182,2019-08-23,1.6,0.32,10.9,28.9,0.0,764,39.6
51,2019-08-26,1.6,0.5,14.3,33.0,0.0,744,25.2
265,2019-08-27,1.6,0.2,15.6,32.5,0.0,294,43.6
154,2019-08-30,1.6,0.3,11.6,29.3,0.0,719,25.6
286,2019-09-02,1.35,0.5,7.0,22.9,0.0,719,33.1
369,2019-09-02,1.9,0.55,7.0,22.9,0.0,366,33.8
101,2019-09-03,1.6,0.15,7.7,24.9,0.0,751,28.8
264,2019-09-05,1.6,0.2,7.5,20.5,0.0,108,39.6
122,2019-09-06,1.6,0.6,4.2,21.5,0.0,655,28.8
379,2019-09-09,1.6,0.4,4.9,20.0,2.0,270,69.8
263,2019-09-10,1.75,0.1,10.2,22.9,0.0,678,36.0
322,2019-09-16,1.6,0.05,9.6,28.5,0.0,703,32.4
406,2019-09-17,1.8,0.05,12.6,22.3,0.0,277,36.0
262,2019-09-18,1.7,0.05,8.9,20.5,0.0,701,54.0
50,2019-09-20,1.75,0.2,5.7,24.0,0.0,693,44.3
100,2019-09-23,1.5,0.05,12.7,21.9,1.4,404,43.2
213,2019-09-26,1.5,0.05,15.5,21.0,5.7,35,75.6
7,2019-09-27,1.5,0.2,13.9,20.4,0.4,231,54.4
153,2019-10-01,1.4,0.2,15.6,21.4,6.5,103,61.2
261,2019-10-04,1.4,0.1,8.1,16.5,0.2,7,46.8
405,2019-10-11,1.4,0.2,11.7,21.2,0.0,472,54.0
152,2019-10-14,1.0,0.1,11.7,24.7,10.1,223,80.6
151,2019-10-15,1.5,0.15,12.3,16.5,0.2,159,50.4
285,2019-10-18,1.15,0.2,11.5,16.3,3.8,268,64.8
404,2019-10-25,1.0,0.15,9.3,16.4,0.4,74,46.8
260,2019-11-22,0.8,0.2,3.8,12.0,5.6,268,46.8
99,2020-07-02,1.75,0.4,13.8,22.3,0.0,162,43.2
239,2020-07-03,1.9,0.5,12.5,23.6,0.0,438,37.4
6,2020-07-06,1.9,0.16,8.9,25.2,0.0,704,50.4
150,2020-07-09,1.8,0.08,12.7,32.1,0.0,865,57.6
25,2020-07-10,1.8,0.21,15.1,23.2,0.0,342,40.0
212,2020-07-13,1.8,0.15,10.8,27.4,0.0,809,36.0
49,2020-07-15,1.8,0.1,15.1,22.7,0.0,99,40.7
121,2020-07-17,1.55,0.12,13.2,25.4,0.0,582,28.8
181,2020-07-20,1.4,0.2,13.7,27.6,0.0,848,37.4
211,2020-07-21,1.3,0.1,11.7,27.1,0.0,829,50.4
98,2020-07-24,1.5,0.35,15.1,26.9,0.0,539,32.4
96,2020-07-27,1.3,0.15,13.8,32.1,0.2,860,62.6
403,2020-07-28,1.5,0.08,16.7,25.9,0.0,762,46.8
321,2020-07-31,1.5,0.26,16.9,36.8,0.2,515,69.5
5,2020-08-03,1.4,0.2,12.0,23.9,0.4,444,51.5
378,2020-08-06,1.5,0.2,12.6,34.8,0.0,822,25.9
320,2020-08-07,1.5,0.35,15.2,37.2,0.0,822,30.2
282,2020-08-10,1.4,0.25,17.8,35.5,0.0,677,25.2
180,2020-08-11,1.4,0.2,19.0,34.4,0.0,359,61.6
238,2020-08-14,1.35,0.25,17.4,24.2,4.2,216,39.6
209,2020-08-17,1.5,0.1,15.5,24.8,0.6,276,54.0
377,2020-08-18,1.4,0.15,17.7,27.0,0.0,328,50.4
4,2020-08-19,1.1,0.08,16.4,26.0,0.6,90,54.4
259,2020-08-21,1.5,0.1,19.3,28.1,0.0,456,61.2
3,2020-08-24,1.2,0.12,11.8,24.5,0.2,545,36.0
376,2020-08-25,1.6,0.09,14.6,29.1,0.0,366,68.4
319,2020-08-27,1.45,0.11,10.8,26.5,0.0,306,58.7
149,2020-08-28,1.45,0.2,13.4,23.2,0.2,324,64.8
24,2020-08-31,1.1,0.4,10.0,21.0,0.2,468,28.8
148,2020-09-01,1.1,0.05,8.2,21.3,0.0,594,36.0
237,2020-09-03,0.95,0.5,11.1,27.7,0.0,720,51.5
20,2020-09-04,1.75,0.2,12.0,21.3,0.0,693,28.8
147,2020-09-04,1.1,0.8,12.0,30.3,0.0,693,28.8
97,2020-09-07,1.1,0.15,7.0,23.0,0.0,657,32.4
236,2020-09-07,1.75,0.1,7.0,23.0,0.0,657,32.4
46,2020-09-08,1.6,0.4,9.7,26.0,0.0,311,18.0
23,2020-09-08,1.1,0.4,9.7,26.0,0.0,311,18.0
48,2020-09-09,1.05,0.35,17.5,28.9,0.0,360,36.4
346,2020-09-11,1.05,0.5,14.1,28.2,0.0,552,29.5
368,2020-09-11,1.75,0.5,14.1,28.2,0.0,552,29.5
75,2020-09-14,1.1,0.2,11.5,34.5,0.0,711,43.2
207,2020-09-14,1.8,0.1,11.5,34.5,0.0,711,43.2
94,2020-09-15,1.05,0.1,18.7,33.1,0.0,698,32.4
318,2020-09-16,1.0,0.32,15.1,30.8,0.0,444,40.0
421,2020-09-18,1.8,0.1,14.1,29.7,0.4,588,43.2
2,2020-09-18,1.05,0.2,14.1,29.7,0.4,588,43.2
0,2020-09-21,1.05,0.2,13.3,27.4,0.0,663,36.0
146,2020-09-22,1.05,0.1,6.9,25.4,0.0,594,39.6
400,2020-09-24,1.65,0.1,9.8,18.2,8.1,200,68.4
375,2020-09-24,1.1,0.1,9.8,18.2,8.1,200,68.4
89,2020-09-25,1.7,0.1,8.1,14.9,2.8,283,84.2
210,2020-09-25,1.1,0.1,8.1,14.9,2.8,283,84.2
374,2020-09-28,1.0,0.05,11.7,18.1,0.4,145,40.7
178,2020-09-28,1.4,0.05,11.7,18.1,0.4,145,40.7
206,2020-09-29,1.8,0.1,10.2,21.0,0.0,79,32.4
367,2020-10-01,1.7,0.1,12.8,16.6,11.1,107,51.5
145,2020-10-01,1.05,0.1,12.8,16.6,11.1,107,51.5
19,2020-10-02,1.6,0.1,11.0,13.6,4.2,0,54.4
22,2020-10-02,1.05,0.1,11.0,13.6,4.2,0,54.4
95,2020-10-05,1.05,0.25,10.5,13.5,4.2,0,57.6
74,2020-10-09,1.05,0.2,10.9,15.7,0.2,24,37.4
399,2020-10-09,1.75,0.2,10.9,15.7,0.2,24,37.4
143,2020-10-15,1.7,0.05,4.9,11.1,0.0,41,51.1
1,2020-10-16,1.1,0.25,7.2,12.2,0.0,0,36.0
142,2020-10-16,1.6,0.25,7.2,12.2,0.0,0,36.0
141,2020-10-30,1.8,0.1,12.6,15.9,0.0,0,40.7
283,2020-10-30,1.05,0.1,12.6,15.9,0.0,0,40.7
120,2020-11-05,1.1,0.1,1.8,11.5,0.0,533,32.4
205,2020-11-05,1.8,0.1,1.8,11.9,0.0,533,46.8
235,2020-11-06,1.8,0.1,2.3,13.4,0.0,491,32.4
258,2020-11-06,1.1,0.1,2.3,13.4,0.0,491,46.8
70,2020-11-19,1.8,0.05,5.8,11.5,0.0,352,61.2
255,2020-11-20,1.5,0.1,-0.1,10.6,0.0,297,26.3
373,2020-12-04,1.5,0.1,2.9,6.6,0.8,256,65.9
284,2021-06-21,1.5,0.2,15.7,24.9,3.8,423,61.2
424,2021-06-23,1.5,0.1,13.0,17.1,0.0,57,32.4
425,2021-06-24,1.5,0.1,11.8,21.9,0.0,612,39.6
426,2021-06-25,1.5,0.2,8.7,22.2,1.4,316,36.0
427,2021-06-28,1.5,0.165,15.0,23.0,1.6,299,48.2
428,2021-06-29,1.75,0.1,11.5,18.7,14.7,183,32.8
429,2021-06-30,2.0,0.08,13.0,18.6,0.4,144,36.0
430,2021-07-01,2.0,0.05,9.2,24.2,0.0,293,25.2
431,2021-07-09,1.7,0.21,12.1,23.9,0.0,289,36.0
432,2021-07-12,1.7,0.53,12.1,21.7,1.4,54,40.7
433,2021-07-13,1.7,0.11,14.1,18.2,20.2,6,39.6
434,2021-07-15,1.7,0.15,14.5,25.6,0.0,266,50.4
435,2021-07-16,1.7,0.4,13.8,20.2,0.0,210,46.8
436,2021-07-19,1.6,0.65,16.6,30.2,0.2,864,69.8
437,2021-07-22,1.5,0.23,13.6,29.4,0.0,871,40.0
438,2021-07-23,1.5,0.72,14.5,30.2,0.2,639,46.8
439,2021-07-26,1.6,0.85,15.2,25.3,0.0,359,44.6
440,2021-07-27,1.5,0.12,16.1,19.9,3.0,8,44.3
441,2021-07-28,1.5,0.5,15.2,22.8,0.0,169,43.2
442,2021-07-29,1.65,0.125,12.3,23.2,0.0,322,46.8
443,2021-07-30,1.5,0.55,12.6,23.2,0.0,267,57.6
444,2021-08-02,1.65,0.1,14.5,21.2,0.0,60,43.9
445,2021-08-05,1.65,0.18,15.0,23.0,0.0,203,43.6
446,2021-08-06,1.65,0.2,15.1,23.2,0.0,113,55.1
447,2021-08-09,1.65,0.05,11.5,22.4,0.0,128,43.2
448,2021-08-11,1.8,0.05,12.0,29.1,0.0,564,28.8
449,2021-08-13,1.55,0.1,15.4,30.1,0.0,425,23.0
450,2021-08-16,1.55,0.09,15.3,22.7,0.4,73,48.6
451,2021-08-17,1.55,0.05,13.5,18.3,0.0,20,33.5
452,2021-08-18,1.55,0.07,14.5,19.7,0.0,9,28.8
453,2021-08-20,1.55,0.05,10.4,24.9,0.0,365,25.2
454,2021-08-23,1.65,0.105,10.3,23.9,0.0,91,39.6
455,2021-08-24,1.55,0.12,13.5,24.4,0.0,298,61.2
456,2021-08-25,1.5,0.4,12.1,25.0,0.0,506,51.1
457,2021-08-26,1.55,0.1,11.7,19.0,0.0,170,36.0
458,2021-08-27,1.55,0.775,11.1,21.1,0.0,240,33.8
459,2021-08-30,1.6,0.4,14.0,23.4,0.2,254,46.8
460,2021-08-31,1.6,0.2,14.6,24.4,0.0,287,44.3
461,2021-09-01,1.6,0.3,12.7,25.1,0.0,600,57.6
462,2021-09-02,1.6,0.2,11.0,26.5,0.0,685,43.9
463,2021-09-03,1.6,0.4,13.5,27.5,0.0,197,22.0
464,2021-09-06,1.2,0.2,14.4,29.6,0.0,439,39.6
465,2021-09-07,1.6,0.2,11.9,29.3,0.0,438,43.2
466,2021-09-10,1.5,0.3,17.8,23.7,0.4,84,36.0
467,2021-09-20,1.5,0.3,12.9,18.4,0.0,2,26.3
